5
100
       0.9501292851471754
       0.2311385135742878
       0.6068425835417866
       0.4859824687092997
       0.8912989661489016
       0.7620968330273947
       0.4564676651683414
       0.0185036432482244
       0.8214071642952533
       0.4447033643531942
       0.6154323481000947
       0.7919370374270354
       0.9218129707448025
       0.7382072458106653
       0.1762661444946180
       0.4057062130620955
       0.9354696991076055
       0.9169044399134076
       0.4102702069909454
       0.8936495309135336
       0.0578913047842686
       0.3528681322170004
       0.8131664973037578
       0.0098613006609236
       0.1388908819569499
       0.2027652185602732
       0.1987217426614897
       0.6037924791938193
       0.2721879249699604
       0.1988142677610622
       0.0152739270290363
       0.7467856765644293
       0.4450964322879468
       0.9318145784616647
       0.4659943416754240
       0.4186494677275062
       0.8462214178243245
       0.5251524963051724
       0.2026473576503873
       0.6721374684742885
       0.8381184450523868
       0.0196395138648175
       0.6812771612821353
       0.3794810180279981
       0.8317960176096065
       0.5028128839962509
       0.7094713927033868
       0.4288923653409967
       0.3046173668693943
       0.1896537475471750
       0.1934311564052151
       0.6822232235913835
       0.3027644007766090
       0.5416738538980876
       0.1508729761497646
       0.6978984818598634
       0.3783730005126711
       0.8600116048868196
       0.8536551306627677
       0.5935629125396816
       0.4965524497031029
       0.8997691751696100
       0.8216291607353428
       0.6449103841938444
       0.8179743408392451
       0.6602275564416024
       0.3419706182702157
       0.2897258958562382
       0.3411935694148835
       0.5340790176266005
       0.7271132169296769
       0.3092901597909578
       0.8384960449380805
       0.5680724610077758
       0.3704135566321165
       0.7027399132403769
       0.5465711518291062
       0.4448802046729122
       0.6945672404255475
       0.6213101307954134
       0.7948210802009265
       0.9568434484448770
       0.5225903490807078
       0.8801422074113273
       0.1729561412752366
       0.9797468967888410
       0.2714472586417999
       0.2523293468739903
       0.8757418998180744
       0.7373059884652558
       0.1365187422597097
       0.0117566873531180
       0.8938979664452533
       0.1991380672057383
       0.2987230121022145
       0.6614425763823250
       0.2844085897499446
       0.4692242852110011
       0.0647811229632725
       0.9883349382776308
       0.0582791681561231
       0.0423496256851051
       0.0515511752140763
       0.0333951479971759
       0.0432906596106729
       0.0225949868144447
       0.0579806873249599
       0.0760365009804344
       0.0529823116716066
       0.0640526498989835
       0.0209069404438420
       0.0379818370350791
       0.0783328649867713
       0.0680845751397230
       0.0461095126656699
       0.0567828712428834
       0.0794210651372615
       0.0059182593471071
       0.0602869085666992
       0.0050268803746873
       0.0415374860443223
       0.0304998677003492
       0.0874367171587626
       0.0015009498676616
       0.0767950390011141
       0.0970844939255623
       0.0990082592613063
       0.0788861692233753
       0.0438658533770912
       0.0498311303448480
       0.0213963331596166
       0.0643492287885350
       0.0320035577466497
       0.0960098600369011
       0.0726631766641898
       0.0411953208168645
       0.0744565783106155
       0.0267947250709374
       0.0439924309565342
       0.0933380108189590
       0.0683332324338485
       0.0212559864338737
       0.0839238240336195
       0.0628784600024074
       0.0133772748473426
       0.0207132729641355
       0.0607198944539530
       0.0629887848842308
       0.0370476826051896
       0.0575147779047469
       0.0451424826762477
       0.0043895325347144
       0.0027185122996675
       0.0312685048080145
       0.0012862574672997
       0.0383967288494302
       0.0683115967804600
       0.0092842461740920
       0.0035338323969156
       0.0612395481373023
       0.0608540361223992
       0.0015759817919751
       0.0016354933549997
       0.0190074589079726
       0.0586918471884673
       0.0057581089878289
       0.0367568038826344
       0.0631451164744443
       0.0717634421465697
       0.0692669394717788
       0.0084079060750445
       0.0454355149755552
       0.0441828296906342
       0.0353250455000691
       0.0153606362523492
       0.0675644649633412
       0.0699213327741263
       0.0727509129217931
       0.0478384380956657
       0.0554841986341677
       0.0121047113036414
       0.0450753940979387
       0.0715882948172974
       0.0892841608145753
       0.0273102470225142
       0.0254769295562283
       0.0865603477744752
       0.0232350370627532
       0.0804871744115706
       0.0908397543448518
       0.0231894318112325
       0.0239312564468985
       0.0049754484071250
       0.0078384074770045
       0.0640815409870017
       0.0190886570397560
       0.0843869498874359
       0.0173900248461784
       0.0170792813741680
       0.0582791681561231
       0.0423496256851051
       0.0515511752140763
       0.0333951479971759
       0.0432906596106729
       0.0225949868144447
       0.0579806873249599
       0.0760365009804344
       0.0529823116716066
       0.0640526498989835
       0.0209069404438420
       0.0379818370350791
       0.0783328649867713
       0.0680845751397230
       0.0461095126656699
       0.0567828712428834
       0.0794210651372615
       0.0059182593471071
       0.0602869085666992
       0.0050268803746873
       0.0415374860443223
       0.0304998677003492
       0.0874367171587626
       0.0015009498676616
       0.0767950390011141
       0.0970844939255623
       0.0990082592613063
       0.0788861692233753
       0.0438658533770912
       0.0498311303448480
       0.0213963331596166
       0.0643492287885350
       0.0320035577466497
       0.0960098600369011
       0.0726631766641898
       0.0411953208168645
       0.0744565783106155
       0.0267947250709374
       0.0439924309565342
       0.0933380108189590
       0.0683332324338485
       0.0212559864338737
       0.0839238240336195
       0.0628784600024074
       0.0133772748473426
       0.0207132729641355
       0.0607198944539530
       0.0629887848842308
       0.0370476826051896
       0.0575147779047469
       0.0451424826762477
       0.0043895325347144
       0.0027185122996675
       0.0312685048080145
       0.0012862574672997
       0.0383967288494302
       0.0683115967804600
       0.0092842461740920
       0.0035338323969156
       0.0612395481373023
       0.0608540361223992
       0.0015759817919751
       0.0016354933549997
       0.0190074589079726
       0.0586918471884673
       0.0057581089878289
       0.0367568038826344
       0.0631451164744443
       0.0717634421465697
       0.0692669394717788
       0.0084079060750445
       0.0454355149755552
       0.0441828296906342
       0.0353250455000691
       0.0153606362523492
       0.0675644649633412
       0.0699213327741263
       0.0727509129217931
       0.0478384380956657
       0.0554841986341677
       0.0121047113036414
       0.0450753940979387
       0.0715882948172974
       0.0892841608145753
       0.0273102470225142
       0.0254769295562283
       0.0865603477744752
       0.0232350370627532
       0.0804871744115706
       0.0908397543448518
       0.0231894318112325
       0.0239312564468985
       0.0049754484071250
       0.0078384074770045
       0.0640815409870017
       0.0190886570397560
       0.0843869498874359
       0.0173900248461784
       0.0170792813741680
       0.9942954905139197
       0.4397908569463800
       0.3400479488556905
       0.3142173105440287
       0.3650783869286697
       0.3932395512064575
       0.5915252037464458
       0.1197466169518085
       0.0381287967673712
       0.4585979546649567
       0.8698673504070082
       0.9342365189176232
       0.2644491661492741
       0.1603003391971805
       0.8728552570196294
       0.2378803077355662
       0.6458312499749888
       0.9668874209089310
       0.6649312119253441
       0.8703810259059773
       0.0099273047633475
       0.1370098917076202
       0.8187558265142776
       0.4301660490468969
       0.8903217237694278
       0.7349082117659458
       0.6873235916041014
       0.3461119677411742
       0.1660347387772189
       0.1556125763170538
       0.1911163114199418
       0.4224515258875390
       0.8559757072807476
       0.4902499870160356
       0.8159347689668360
       0.4607698314134839
       0.4573543802474998
       0.4506888816327210
       0.4122190610200380
       0.9016098247652447
       0.0055839391975380
       0.2974056789592594
       0.0491624890960857
       0.6931804532560849
       0.6501064099124712
       0.9829877820464268
       0.5526732434436250
       0.4000735158405241
       0.1987885197778360
       0.6252010228673220
       0.7333628018914346
       0.3758854816831369
       0.0098764628987858
       0.4198578063102190
       0.7536696258135872
       0.7938717747323186
       0.9199572066958714
       0.8447215019081747
       0.3677528824682845
       0.6208013318211438
       0.7312772644663448
       0.1938931799846682
       0.9048123341663570
       0.5692057496717471
       0.6317899292217560
       0.2344129554082539
       0.5487821255385882
       0.9315833525796906
       0.3351974302063946
       0.6555310550120145
       0.3919042068890034
       0.6273147880839967
       0.6990801377453375
       0.3971839537926146
       0.4136288953381803
       0.6552129463556705
       0.8375850988318571
       0.3716080322426620
       0.4252531584826513
       0.5946633714525679
       0.5657385720857145
       0.7165423972500493
       0.5113114481688976
       0.7764012119334918
       0.4893454758984985
       0.1859044512252232
       0.7006354051461172
       0.9827088019062614
       0.8066377492887427
       0.7035676550035968
       0.4849637193245684
       0.1146128211706401
       0.6648555671402060
       0.3653738916891213
       0.1400444565347312
       0.5667728003031063
       0.8230083142906668
       0.6739486320953599
       0.9994473049494013
       0.9616364071485702
       0.0294310827277949
       0.1801555854598901
       0.2742564068673006
       0.1308847849358966
       0.2986724239669218
       0.0246389982980071
       0.2855287471923323
       0.3504286166186656
       0.4811441293585808
       0.3752591159721334
       0.3699965226892373
       0.2159366928034865
       0.3171329781577378
       0.4015131701159652
       0.0419405035005172
       0.4727313939551937
       0.4579712299470610
       0.3009937118190018
       0.1267802893661656
       0.4367254027701967
       0.2567003549981384
       0.3663253245646964
       0.2111132930596974
       0.4806849994281548
       0.0360296192760044
       0.2767039840151928
       0.1459919605712203
       0.4289817565420376
       0.1678775693431048
       0.3401019251852534
       0.0267222106592432
       0.1783277686387982
       0.2491522980177663
       0.2172202691101469
       0.2812292085536737
       0.3083105650827318
       0.0566699904492776
       0.4491258703065673
       0.3772756876193262
       0.3955615978553338
       0.4074760339666147
       0.3350019324468411
       0.1004382061475812
       0.1365440807734829
       0.3131173193252534
       0.2684258474087531
       0.0297520254602499
       0.0444808797376624
       0.1356540871908499
       0.2045361578855267
       0.2370207251872397
       0.4544946745176576
       0.2981235690528621
       0.1644776510820200
       0.2390972128626729
       0.2985853896301723
       0.0807243774499753
       0.4147371254369299
       0.4780612031774386
       0.2977739976010150
       0.0143741066057449
       0.4060589094298401
       0.3050567880796301
       0.3507463004312886
       0.0460981013598364
       0.2124445706543434
       0.1877883292278730
       0.0830770404923993
       0.4165757297263183
       0.4193198523294840
       0.2258070146230315
       0.4783006908699358
       0.0735766182281915
       0.4349664649340335
       0.3847182000775883
       0.2220808078519858
       0.3103100604964302
       0.4758446403987504
       0.3200048277732759
       0.1236638145346642
       0.1763509973765584
       0.0939302402488814
       0.2453221790577672
       0.2046371645772536
       0.2317627918882010
       0.3054717749362464
       0.0355842329357775
       0.1571401445709681
       0.3041918275988684
       0.0875100909751838
       0.3105137167747967
       0.1229799668833845
       0.2936791075779461
       0.2530267269126345
       0.2323894619089316
       0.2707094651447655
       0.4711632847479709
       0.1708795450352054
       0.2009021712865118
       0.0294310827277949
       0.1801555854598901
       0.2742564068673006
       0.1308847849358966
       0.2986724239669218
       0.0246389982980071
       0.2855287471923323
       0.3504286166186656
       0.4811441293585808
       0.3752591159721334
       0.3699965226892373
       0.2159366928034865
       0.3171329781577378
       0.4015131701159652
       0.0419405035005172
       0.4727313939551937
       0.4579712299470610
       0.3009937118190018
       0.1267802893661656
       0.4367254027701967
       0.2567003549981384
       0.3663253245646964
       0.2111132930596974
       0.4806849994281548
       0.0360296192760044
       0.2767039840151928
       0.1459919605712203
       0.4289817565420376
       0.1678775693431048
       0.3401019251852534
       0.0267222106592432
       0.1783277686387982
       0.2491522980177663
       0.2172202691101469
       0.2812292085536737
       0.3083105650827318
       0.0566699904492776
       0.4491258703065673
       0.3772756876193262
       0.3955615978553338
       0.4074760339666147
       0.3350019324468411
       0.1004382061475812
       0.1365440807734829
       0.3131173193252534
       0.2684258474087531
       0.0297520254602499
       0.0444808797376624
       0.1356540871908499
       0.2045361578855267
       0.2370207251872397
       0.4544946745176576
       0.2981235690528621
       0.1644776510820200
       0.2390972128626729
       0.2985853896301723
       0.0807243774499753
       0.4147371254369299
       0.4780612031774386
       0.2977739976010150
       0.0143741066057449
       0.4060589094298401
       0.3050567880796301
       0.3507463004312886
       0.0460981013598364
       0.2124445706543434
       0.1877883292278730
       0.0830770404923993
       0.4165757297263183
       0.4193198523294840
       0.2258070146230315
       0.4783006908699358
       0.0735766182281915
       0.4349664649340335
       0.3847182000775883
       0.2220808078519858
       0.3103100604964302
       0.4758446403987504
       0.3200048277732759
       0.1236638145346642
       0.1763509973765584
       0.0939302402488814
       0.2453221790577672
       0.2046371645772536
       0.2317627918882010
       0.3054717749362464
       0.0355842329357775
       0.1571401445709681
       0.3041918275988684
       0.0875100909751838
       0.3105137167747967
       0.1229799668833845
       0.2936791075779461
       0.2530267269126345
       0.2323894619089316
       0.2707094651447655
       0.4711632847479709
       0.1708795450352054
       0.2009021712865118
       0.3076879354585312
       0.4115679593326109
       0.2859392323971985
       0.3941276111858353
       0.5030144855121791
       0.7219798463409713
       0.3062085454569853
       0.1121637118911650
       0.4432899599446290
       0.4667625521703505
       0.0146688752793496
       0.6640518660246212
       0.7240617087098630
       0.2816336030124551
       0.2618186781057145
       0.7084714048654408
       0.7838590228048853
       0.9861578065619812
       0.4733427054011323
       0.9028188342691258
       0.4510587612052710
       0.8045168086396040
       0.8288644762609230
       0.1662701166973735
       0.3939060053196457
       0.5207574843740721
       0.7181239722803670
       0.5691895187674265
       0.4608061733259861
       0.4453070534068228
       0.0877446061239900
       0.4434832152334272
       0.3662998459946569
       0.3025338185237475
       0.8518446973323443
       0.7594793878799592
       0.9497592846291215
       0.5579385090466505
       0.0142330159232998
       0.5961770844916159
       0.8162057091619634
       0.9770923548415121
       0.2219080795405284
       0.7036836674057537
       0.5220609153025736
       0.9328970566517145
       0.7133544435118501
       0.2280389029278987
       0.4496421046692996
       0.1721996954830111
       0.9688201432357501
       0.3557161044570373
       0.0490468281296755
       0.7553385717917415
       0.8948127634767052
       0.2861496504548760
       0.2512005462826795
       0.9327361913576896
       0.1309824691236471
       0.9408195422938165
       0.7018531735704786
       0.8476764681794623
       0.2092716406624445
       0.4550916907727022
       0.0810737252428633
       0.8511224009238553
       0.5620486765238889
       0.3192962963952336
       0.3748992614476002
       0.8677956979116219
       0.3721762401191960
       0.0736900556748079
       0.1998379957081403
       0.0494932796636859
       0.5667097791237090
       0.1219247498454278
       0.5221117635621564
       0.1170601523329968
       0.7699184775836645
       0.3750557966596941
       0.8233872036502669
       0.0466361455231600
       0.5979132616051226
       0.9491503944904370
       0.2887976527688652
       0.8888326102997799
       0.1015854781127522
       0.0653145066904843
       0.2342997333071508
       0.9330984184484330
       0.0631278959521548
       0.2642176637271508
       0.9995316742662479
       0.2119879625153197
       0.4984097985634269
       0.2904882952279546
       0.6727544109250132
       0.9579911199051963
       0.7665515344354936
       0.6661237377387017
       0.0261889644198010
       0.0190826032953065
       0.0029728674927037
       0.0576386691178166
       0.1633462426873411
       0.1970967019702331
       0.0034725386075476
       0.1638785864684335
       0.1242277411576436
       0.1120444081925854
       0.0488063068005048
       0.1644015176974123
       0.0526423855914578
       0.1507269068771345
       0.1319289597613871
       0.0428125711701827
       0.1204233816583469
       0.1209874220105925
       0.1319003096330479
       0.0366727265008801
       0.1273093810656452
       0.0340618220261217
       0.1079202211745966
       0.1246788365088493
       0.1371779946481519
       0.1354691905409492
       0.1753660048387201
       0.0025781000448663
       0.0620804452134835
       0.1558158494973542
       0.0614592169843370
       0.1853356621276625
       0.1357439751708861
       0.0148642985769016
       0.0141338382701744
       0.0023860933370420
       0.0454307430102687
       0.1032503993839365
       0.0916408430658796
       0.1406406676507968
       0.1164967750032390
       0.1018412003629120
       0.0148579218188163
       0.0386472627247861
       0.0759208266669258
       0.0552869441004595
       0.1541763672467088
       0.0627859980006138
       0.1276386438217496
       0.1973133728201823
       0.1005751607168090
       0.1895406753604281
       0.1656051683611842
       0.1835114406438114
       0.0226159658251889
       0.1624251812118095
       0.1816525126213491
       0.0312752238784846
       0.0244237533346692
       0.1525332939525533
       0.1443600569033517
       0.1303279633177460
       0.1508045331707634
       0.1326324015694212
       0.1766987003785548
       0.0544314872768254
       0.0838865431124288
       0.0425987317784978
       0.0071199934103919
       0.0162327408181570
       0.1701133566490771
       0.0680406894585455
       0.0932309956440239
       0.1827526479473955
       0.0457153411704271
       0.1724089800299682
       0.1313237071351762
       0.1782365604891805
       0.0976287036479907
       0.1985291293361017
       0.0746651881088669
       0.1062756635682106
       0.0362632657741391
       0.1003888670371607
       0.0844389654799996
       0.1320854799047541
       0.1347306022289478
       0.1914660365806531
       0.0383731491410980
       0.0222432876454253
       0.1130107741709451
       0.1938332544885056
       0.0047487741758601
       0.1740431644088436
       0.0053753185552390
       0.1039057376749732
       0.0384582841355763
       0.1431378093515045
       0.0501345562576353
       0.0261889644198010
       0.0190826032953065
       0.0029728674927037
       0.0576386691178166
       0.1633462426873411
       0.1970967019702331
       0.0034725386075476
       0.1638785864684335
       0.1242277411576436
       0.1120444081925854
       0.0488063068005048
       0.1644015176974123
       0.0526423855914578
       0.1507269068771345
       0.1319289597613871
       0.0428125711701827
       0.1204233816583469
       0.1209874220105925
       0.1319003096330479
       0.0366727265008801
       0.1273093810656452
       0.0340618220261217
       0.1079202211745966
       0.1246788365088493
       0.1371779946481519
       0.1354691905409492
       0.1753660048387201
       0.0025781000448663
       0.0620804452134835
       0.1558158494973542
       0.0614592169843370
       0.1853356621276625
       0.1357439751708861
       0.0148642985769016
       0.0141338382701744
       0.0023860933370420
       0.0454307430102687
       0.1032503993839365
       0.0916408430658796
       0.1406406676507968
       0.1164967750032390
       0.1018412003629120
       0.0148579218188163
       0.0386472627247861
       0.0759208266669258
       0.0552869441004595
       0.1541763672467088
       0.0627859980006138
       0.1276386438217496
       0.1973133728201823
       0.1005751607168090
       0.1895406753604281
       0.1656051683611842
       0.1835114406438114
       0.0226159658251889
       0.1624251812118095
       0.1816525126213491
       0.0312752238784846
       0.0244237533346692
       0.1525332939525533
       0.1443600569033517
       0.1303279633177460
       0.1508045331707634
       0.1326324015694212
       0.1766987003785548
       0.0544314872768254
       0.0838865431124288
       0.0425987317784978
       0.0071199934103919
       0.0162327408181570
       0.1701133566490771
       0.0680406894585455
       0.0932309956440239
       0.1827526479473955
       0.0457153411704271
       0.1724089800299682
       0.1313237071351762
       0.1782365604891805
       0.0976287036479907
       0.1985291293361017
       0.0746651881088669
       0.1062756635682106
       0.0362632657741391
       0.1003888670371607
       0.0844389654799996
       0.1320854799047541
       0.1347306022289478
       0.1914660365806531
       0.0383731491410980
       0.0222432876454253
       0.1130107741709451
       0.1938332544885056
       0.0047487741758601
       0.1740431644088436
       0.0053753185552390
       0.1039057376749732
       0.0384582841355763
       0.1431378093515045
       0.0501345562576353
