5
200
       0.9501292851471754
       0.2311385135742878
       0.6068425835417866
       0.4859824687092997
       0.8912989661489016
       0.7620968330273947
       0.4564676651683414
       0.0185036432482244
       0.8214071642952533
       0.4447033643531942
       0.6154323481000947
       0.7919370374270354
       0.9218129707448025
       0.7382072458106653
       0.1762661444946180
       0.4057062130620955
       0.9354696991076055
       0.9169044399134076
       0.4102702069909454
       0.8936495309135336
       0.0578913047842686
       0.3528681322170004
       0.8131664973037578
       0.0098613006609236
       0.1388908819569499
       0.2027652185602732
       0.1987217426614897
       0.6037924791938193
       0.2721879249699604
       0.1988142677610622
       0.0152739270290363
       0.7467856765644293
       0.4450964322879468
       0.9318145784616647
       0.4659943416754240
       0.4186494677275062
       0.8462214178243245
       0.5251524963051724
       0.2026473576503873
       0.6721374684742885
       0.8381184450523868
       0.0196395138648175
       0.6812771612821353
       0.3794810180279981
       0.8317960176096065
       0.5028128839962509
       0.7094713927033868
       0.4288923653409967
       0.3046173668693943
       0.1896537475471750
       0.1934311564052151
       0.6822232235913835
       0.3027644007766090
       0.5416738538980876
       0.1508729761497646
       0.6978984818598634
       0.3783730005126711
       0.8600116048868196
       0.8536551306627677
       0.5935629125396816
       0.4965524497031029
       0.8997691751696100
       0.8216291607353428
       0.6449103841938444
       0.8179743408392451
       0.6602275564416024
       0.3419706182702157
       0.2897258958562382
       0.3411935694148835
       0.5340790176266005
       0.7271132169296769
       0.3092901597909578
       0.8384960449380805
       0.5680724610077758
       0.3704135566321165
       0.7027399132403769
       0.5465711518291062
       0.4448802046729122
       0.6945672404255475
       0.6213101307954134
       0.7948210802009265
       0.9568434484448770
       0.5225903490807078
       0.8801422074113273
       0.1729561412752366
       0.9797468967888410
       0.2714472586417999
       0.2523293468739903
       0.8757418998180744
       0.7373059884652558
       0.1365187422597097
       0.0117566873531180
       0.8938979664452533
       0.1991380672057383
       0.2987230121022145
       0.6614425763823250
       0.2844085897499446
       0.4692242852110011
       0.0647811229632725
       0.9883349382776308
       0.5827916815612309
       0.4234962568510508
       0.5155117521407628
       0.3339514799717586
       0.4329065961067291
       0.2259498681444465
       0.5798068732495990
       0.7603650098043441
       0.5298231167160661
       0.6405264989898353
       0.2090694044384200
       0.3798183703507911
       0.7833286498677127
       0.6808457513972297
       0.4610951266566989
       0.5678287124288343
       0.7942106513726147
       0.0591825934710711
       0.6028690856669924
       0.0502688037468729
       0.4153748604432227
       0.3049986770034919
       0.8743671715876262
       0.0150094986766163
       0.7679503900111414
       0.9708449392556234
       0.9900825926130626
       0.7888616922337526
       0.4386585337709120
       0.4983113034484805
       0.2139633315961663
       0.6434922878853500
       0.3200355774664969
       0.9600986003690105
       0.7266317666418980
       0.4119532081686448
       0.7445657831061554
       0.2679472507093743
       0.4399243095653416
       0.9333801081895897
       0.6833323243384847
       0.2125598643387366
       0.8392382403361952
       0.6287846000240738
       0.1337727484734263
       0.2071327296413550
       0.6071989445395304
       0.6298878488423081
       0.3704768260518963
       0.5751477790474685
       0.4514248267624767
       0.0438953253471440
       0.0271851229966747
       0.3126850480801453
       0.0128625746729975
       0.3839672884943017
       0.6831159678045998
       0.0928424617409198
       0.0353383239691556
       0.6123954813730225
       0.6085403612239916
       0.0157598179197507
       0.0163549335499965
       0.1900745890797257
       0.5869184718846734
       0.0575810898782885
       0.3675680388263442
       0.6314511647444432
       0.7176344214656973
       0.6926693947177878
       0.0840790607504446
       0.4543551497555524
       0.4418282969063423
       0.3532504550006906
       0.1536063625234918
       0.6756446496334122
       0.6992133277412624
       0.7275091292179307
       0.4783843809566573
       0.5548419863416769
       0.1210471130364143
       0.4507539409793866
       0.7158829481729745
       0.8928416081457532
       0.2731024702251424
       0.2547692955622833
       0.8656034777447519
       0.2323503706275325
       0.8048717441157061
       0.9083975434485183
       0.2318943181123251
       0.2393125644689851
       0.0497544840712497
       0.0783840747700451
       0.6408154098700172
       0.1908865703975602
       0.8438694988743585
       0.1739002484617843
       0.1707928137416798
       0.9942954905139197
       0.0439790856946380
       0.0340047948855690
       0.0314217310544029
       0.0365078386928670
       0.0393239551206458
       0.0591525203746446
       0.0119746616951809
       0.0038128796767371
       0.0458597954664957
       0.0869867350407008
       0.0934236518917623
       0.0264449166149274
       0.0160300339197180
       0.0872855257019629
       0.0237880307735566
       0.0645831249974989
       0.0966887420908931
       0.0664931211925344
       0.0870381025905977
       0.0009927304763348
       0.0137009891707620
       0.0818755826514278
       0.0430166049046897
       0.0890321723769428
       0.0734908211765946
       0.0687323591604101
       0.0346111967741174
       0.0166034738777219
       0.0155612576317054
       0.0191116311419942
       0.0422451525887539
       0.0855975707280748
       0.0490249987016036
       0.0815934768966836
       0.0460769831413484
       0.0457354380247500
       0.0450688881632721
       0.0412219061020038
       0.0901609824765245
       0.0005583939197538
       0.0297405678959259
       0.0049162489096086
       0.0693180453256085
       0.0650106409912471
       0.0982987782046427
       0.0552673243443625
       0.0400073515840524
       0.0198788519777836
       0.0625201022867322
       0.0733362801891435
       0.0375885481683137
       0.0009876462898786
       0.0419857806310219
       0.0753669625813587
       0.0793871774732319
       0.0919957206695872
       0.0844721501908175
       0.0367752882468285
       0.0620801331821144
       0.0731277264466345
       0.0193893179984668
       0.0904812334166357
       0.0569205749671747
       0.0631789929221756
       0.0234412955408254
       0.0548782125538588
       0.0931583352579691
       0.0335197430206395
       0.0655531055012015
       0.0391904206889003
       0.0627314788083997
       0.0699080137745337
       0.0397183953792615
       0.0413628895338180
       0.0655212946355671
       0.0837585098831857
       0.0371608032242662
       0.0425253158482651
       0.0594663371452568
       0.0565738572085715
       0.0716542397250049
       0.0511311448168898
       0.0776401211933492
       0.0489345475898499
       0.0185904451225223
       0.0700635405146117
       0.0982708801906261
       0.0806637749288743
       0.0703567655003597
       0.0484963719324568
       0.0114612821170640
       0.0664855567140206
       0.0365373891689121
       0.0140044456534731
       0.0566772800303106
       0.0823008314290667
       0.0673948632095360
       0.0999447304949401
       0.0961636407148570
       0.0058862165455590
       0.0360311170919780
       0.0548512813734601
       0.0261769569871793
       0.0597344847933844
       0.0049277996596014
       0.0571057494384665
       0.0700857233237331
       0.0962288258717162
       0.0750518231944267
       0.0739993045378475
       0.0431873385606973
       0.0634265956315476
       0.0803026340231930
       0.0083881007001034
       0.0945462787910387
       0.0915942459894122
       0.0601987423638004
       0.0253560578732331
       0.0873450805540393
       0.0513400709996277
       0.0732650649129393
       0.0422226586119395
       0.0961369998856310
       0.0072059238552009
       0.0553407968030386
       0.0291983921142441
       0.0857963513084075
       0.0335755138686210
       0.0680203850370507
       0.0053444421318486
       0.0356655537277596
       0.0498304596035533
       0.0434440538220294
       0.0562458417107347
       0.0616621130165464
       0.0113339980898555
       0.0898251740613135
       0.0754551375238652
       0.0791123195710668
       0.0814952067933230
       0.0670003864893682
       0.0200876412295162
       0.0273088161546966
       0.0626234638650507
       0.0536851694817506
       0.0059504050920500
       0.0088961759475325
       0.0271308174381700
       0.0409072315771053
       0.0474041450374479
       0.0908989349035315
       0.0596247138105724
       0.0328955302164040
       0.0478194425725346
       0.0597170779260345
       0.0161448754899951
       0.0829474250873860
       0.0956122406354877
       0.0595547995202030
       0.0028748213211490
       0.0812117818859680
       0.0610113576159260
       0.0701492600862577
       0.0092196202719673
       0.0424889141308687
       0.0375576658455746
       0.0166154080984799
       0.0833151459452637
       0.0838639704658968
       0.0451614029246063
       0.0956601381739872
       0.0147153236456383
       0.0869932929868067
       0.0769436400155177
       0.0444161615703972
       0.0620620120992861
       0.0951689280797501
       0.0640009655546552
       0.0247327629069328
       0.0352701994753117
       0.0187860480497763
       0.0490644358115534
       0.0409274329154507
       0.0463525583776402
       0.0610943549872493
       0.0071168465871555
       0.0314280289141936
       0.0608383655197737
       0.0175020181950368
       0.0621027433549593
       0.0245959933766769
       0.0587358215155892
       0.0506053453825269
       0.0464778923817863
       0.0541418930289531
       0.0942326569495942
       0.0341759090070411
       0.0401804342573024
       0.0307687935458531
       0.0439790856946380
       0.0340047948855690
       0.0314217310544029
       0.0365078386928670
       0.0393239551206458
       0.0591525203746446
       0.0119746616951809
       0.0038128796767371
       0.0458597954664957
       0.0869867350407008
       0.0934236518917623
       0.0264449166149274
       0.0160300339197180
       0.0872855257019629
       0.0237880307735566
       0.0645831249974989
       0.0966887420908931
       0.0664931211925344
       0.0870381025905977
       0.0009927304763348
       0.0137009891707620
       0.0818755826514278
       0.0430166049046897
       0.0890321723769428
       0.0734908211765946
       0.0687323591604101
       0.0346111967741174
       0.0166034738777219
       0.0155612576317054
       0.0191116311419942
       0.0422451525887539
       0.0855975707280748
       0.0490249987016036
       0.0815934768966836
       0.0460769831413484
       0.0457354380247500
       0.0450688881632721
       0.0412219061020038
       0.0901609824765245
       0.0005583939197538
       0.0297405678959259
       0.0049162489096086
       0.0693180453256085
       0.0650106409912471
       0.0982987782046427
       0.0552673243443625
       0.0400073515840524
       0.0198788519777836
       0.0625201022867322
       0.0733362801891435
       0.0375885481683137
       0.0009876462898786
       0.0419857806310219
       0.0753669625813587
       0.0793871774732319
       0.0919957206695872
       0.0844721501908175
       0.0367752882468285
       0.0620801331821144
       0.0731277264466345
       0.0193893179984668
       0.0904812334166357
       0.0569205749671747
       0.0631789929221756
       0.0234412955408254
       0.0548782125538588
       0.0931583352579691
       0.0335197430206395
       0.0655531055012015
       0.0391904206889003
       0.0627314788083997
       0.0699080137745337
       0.0397183953792615
       0.0413628895338180
       0.0655212946355671
       0.0837585098831857
       0.0371608032242662
       0.0425253158482651
       0.0594663371452568
       0.0565738572085715
       0.0716542397250049
       0.0511311448168898
       0.0776401211933492
       0.0489345475898499
       0.0185904451225223
       0.0700635405146117
       0.0982708801906261
       0.0806637749288743
       0.0703567655003597
       0.0484963719324568
       0.0114612821170640
       0.0664855567140206
       0.0365373891689121
       0.0140044456534731
       0.0566772800303106
       0.0823008314290667
       0.0673948632095360
       0.0999447304949401
       0.0961636407148570
       0.0058862165455590
       0.0360311170919780
       0.0548512813734601
       0.0261769569871793
       0.0597344847933844
       0.0049277996596014
       0.0571057494384665
       0.0700857233237331
       0.0962288258717162
       0.0750518231944267
       0.0739993045378475
       0.0431873385606973
       0.0634265956315476
       0.0803026340231930
       0.0083881007001034
       0.0945462787910387
       0.0915942459894122
       0.0601987423638004
       0.0253560578732331
       0.0873450805540393
       0.0513400709996277
       0.0732650649129393
       0.0422226586119395
       0.0961369998856310
       0.0072059238552009
       0.0553407968030386
       0.0291983921142441
       0.0857963513084075
       0.0335755138686210
       0.0680203850370507
       0.0053444421318486
       0.0356655537277596
       0.0498304596035533
       0.0434440538220294
       0.0562458417107347
       0.0616621130165464
       0.0113339980898555
       0.0898251740613135
       0.0754551375238652
       0.0791123195710668
       0.0814952067933230
       0.0670003864893682
       0.0200876412295162
       0.0273088161546966
       0.0626234638650507
       0.0536851694817506
       0.0059504050920500
       0.0088961759475325
       0.0271308174381700
       0.0409072315771053
       0.0474041450374479
       0.0908989349035315
       0.0596247138105724
       0.0328955302164040
       0.0478194425725346
       0.0597170779260345
       0.0161448754899951
       0.0829474250873860
       0.0956122406354877
       0.0595547995202030
       0.0028748213211490
       0.0812117818859680
       0.0610113576159260
       0.0701492600862577
       0.0092196202719673
       0.0424889141308687
       0.0375576658455746
       0.0166154080984799
       0.0833151459452637
       0.0838639704658968
       0.0451614029246063
       0.0956601381739872
       0.0147153236456383
       0.0869932929868067
       0.0769436400155177
       0.0444161615703972
       0.0620620120992861
       0.0951689280797501
       0.0640009655546552
       0.0247327629069328
       0.0352701994753117
       0.0187860480497763
       0.0490644358115534
       0.0409274329154507
       0.0463525583776402
       0.0610943549872493
       0.0071168465871555
       0.0314280289141936
       0.0608383655197737
       0.0175020181950368
       0.0621027433549593
       0.0245959933766769
       0.0587358215155892
       0.0506053453825269
       0.0464778923817863
       0.0541418930289531
       0.0942326569495942
       0.0341759090070411
       0.0401804342573024
       0.0307687935458531
       0.4115679593326109
       0.2859392323971985
       0.3941276111858353
       0.5030144855121791
       0.7219798463409713
       0.3062085454569853
       0.1121637118911650
       0.4432899599446290
       0.4667625521703505
       0.0146688752793496
       0.6640518660246212
       0.7240617087098630
       0.2816336030124551
       0.2618186781057145
       0.7084714048654408
       0.7838590228048853
       0.9861578065619812
       0.4733427054011323
       0.9028188342691258
       0.4510587612052710
       0.8045168086396040
       0.8288644762609230
       0.1662701166973735
       0.3939060053196457
       0.5207574843740721
       0.7181239722803670
       0.5691895187674265
       0.4608061733259861
       0.4453070534068228
       0.0877446061239900
       0.4434832152334272
       0.3662998459946569
       0.3025338185237475
       0.8518446973323443
       0.7594793878799592
       0.9497592846291215
       0.5579385090466505
       0.0142330159232998
       0.5961770844916159
       0.8162057091619634
       0.9770923548415121
       0.2219080795405284
       0.7036836674057537
       0.5220609153025736
       0.9328970566517145
       0.7133544435118501
       0.2280389029278987
       0.4496421046692996
       0.1721996954830111
       0.9688201432357501
       0.3557161044570373
       0.0490468281296755
       0.7553385717917415
       0.8948127634767052
       0.2861496504548760
       0.2512005462826795
       0.9327361913576896
       0.1309824691236471
       0.9408195422938165
       0.7018531735704786
       0.8476764681794623
       0.2092716406624445
       0.4550916907727022
       0.0810737252428633
       0.8511224009238553
       0.5620486765238889
       0.3192962963952336
       0.3748992614476002
       0.8677956979116219
       0.3721762401191960
       0.0736900556748079
       0.1998379957081403
       0.0494932796636859
       0.5667097791237090
       0.1219247498454278
       0.5221117635621564
       0.1170601523329968
       0.7699184775836645
       0.3750557966596941
       0.8233872036502669
       0.0466361455231600
       0.5979132616051226
       0.9491503944904370
       0.2887976527688652
       0.8888326102997799
       0.1015854781127522
       0.0653145066904843
       0.2342997333071508
       0.9330984184484330
       0.0631278959521548
       0.2642176637271508
       0.9995316742662479
       0.2119879625153197
       0.4984097985634269
       0.2904882952279546
       0.6727544109250132
       0.9579911199051963
       0.7665515344354936
       0.6661237377387017
       0.1309448220990052
       0.0954130164765325
       0.0148643374635186
       0.2881933455890828
       0.8167312134367056
       0.9854835098511654
       0.0173626930377382
       0.8193929323421674
       0.6211387057882181
       0.5602220409629272
       0.2440315340025242
       0.8220075884870615
       0.2632119279572891
       0.7536345343856724
       0.6596447988069356
       0.2140628558509136
       0.6021169082917343
       0.6049371100529626
       0.6595015481652394
       0.1833636325044004
       0.6365469053282259
       0.1703091101306087
       0.5396011058729832
       0.6233941825442464
       0.6858899732407596
       0.6773459527047461
       0.8768300241936007
       0.0128905002243313
       0.3104022260674172
       0.7790792474867709
       0.3072960849216848
       0.9266783106383126
       0.6787198758544303
       0.0743214928845079
       0.0706691913508720
       0.0119304666852101
       0.2271537150513433
       0.5162519969196823
       0.4582042153293982
       0.7032033382539837
       0.5824838750161950
       0.5092060018145600
       0.0742896090940816
       0.1932363136239307
       0.3796041333346291
       0.2764347205022977
       0.7708818362335437
       0.3139299900030689
       0.6381932191087477
       0.9865668641009113
       0.5028758035840449
       0.9477033768021403
       0.8280258418059210
       0.9175572032190571
       0.1130798291259443
       0.8121259060590474
       0.9082625631067456
       0.1563761193924228
       0.1221187666733461
       0.7626664697627663
       0.7218002845167584
       0.6516398165887301
       0.7540226658538168
       0.6631620078471060
       0.8834935018927739
       0.2721574363841272
       0.4194327155621441
       0.2129936588924891
       0.0355999670519594
       0.0811637040907849
       0.8505667832453856
       0.3402034472927273
       0.4661549782201193
       0.9137632397369775
       0.2285767058521357
       0.8620449001498410
       0.6566185356758812
       0.8911828024459023
       0.4881435182399534
       0.9926456466805084
       0.3733259405443346
       0.5313783178410528
       0.1813163288706954
       0.5019443351858035
       0.4221948273999979
       0.6604273995237703
       0.6736530111447390
       0.9573301829032652
       0.1918657457054898
       0.1112164382271267
       0.5650538708547256
       0.9691662724425278
       0.0237438708793006
       0.8702158220442179
       0.0268765927761951
       0.5195286883748662
       0.1922914206778817
       0.7156890467575224
       0.2506727812881767
       0.9338648158003626
       0.1371893125368147
       0.2608111695982436
       0.4476008452175279
       0.4711936271902418
       0.1675416893573523
       0.2186819118404539
       0.2355779546032908
       0.0746551677562118
       0.0679321970911172
       0.2662491150715560
       0.3628946547149927
       0.1993515256572027
       0.1792092580085432
       0.1426397060847534
       0.4343176220174859
       0.3132063373188048
       0.1205861542588754
       0.4890408264904981
       0.3202503900219265
       0.1149243237113707
       0.3406675774816659
       0.3329117042505953
       0.0673589869088908
       0.0112466467070106
       0.1310997246808056
       0.0582575798073151
       0.0346591189493779
       0.4264652488153256
       0.0901653362856150
       0.0162092822067519
       0.3669631284758328
       0.2682584113691718
       0.1380148317097856
       0.1842290766009465
       0.0064431527901320
       0.4446030422283884
       0.4330103009864795
       0.1271234673118365
       0.2847402983500315
       0.0796324090330987
       0.2971822081033630
       0.1655500405697877
       0.3293063269939731
       0.4318171090618698
       0.2838116569331764
       0.4902406372729211
       0.3959158011679469
       0.0762968110208017
       0.4165136164656729
       0.0959316322267179
       0.3194932839388768
       0.3345000396550714
       0.3860438999715553
       0.1899088748158428
       0.2207927426745388
       0.2415299967964263
       0.3040528282233291
       0.0879978206682701
       0.0010127804921252
       0.3951120010888793
       0.2568042508305699
       0.1066146882540996
       0.0517248979821715
       0.0786683329489567
       0.2037574900446253
       0.2038785109783317
       0.0263463438439860
       0.4709075749285544
       0.0749858420755861
       0.1921870230814957
       0.1555292795486854
       0.0842672215402697
       0.4483240730772029
       0.1613622157526851
       0.3669981584080608
       0.2054520912121473
       0.1998969228266068
       0.2527611036525665
       0.0846529295471398
       0.2623727451210882
       0.3206013316668076
       0.0080987419872025
       0.4184257779082395
       0.4017310938803250
       0.3488924151039379
       0.2309438907938484
       0.0413063089482441
       0.4103585043607778
       0.0965100089297801
       0.2226773640889844
       0.0064789147732531
       0.1543708983113661
       0.4376754915350161
       0.4176296993457872
       0.1665475337104196
       0.4403526659199529
       0.2398434028442094
       0.2804083638877129
       0.3079543277513660
       0.3309495074634321
       0.3083166174897125
       0.3425700001129325
       0.2550765135214894
       0.3569804222674627
       0.2576039497365310
       0.3029328970802015
       0.4833513148268989
       0.4110587008816961
       0.1588753397199618
       0.2938483859980199
       0.0651008357446128
       0.1271771285100111
       0.4015154491297557
       0.3339229468692566
       0.0068131763897557
       0.2807896848581556
       0.2272804690235440
       0.4524746100194685
       0.1410794255594287
       0.0325171769414296
       0.2382959426696149
       0.4918559590976310
       0.4611747905917367
       0.2805981274066783
       0.3261623468458634
       0.3863397985998082
       0.0530878967528832
       0.0005366827835556
       0.2708818947722542
       0.0034288958704967
       0.2256688360521694
       0.0978310258470626
       0.3935715644434636
       0.3092813120969796
       0.0077604786176557
       0.4454269824618803
       0.3808515956608435
       0.4535175204503725
       0.3792842995114403
       0.1903649688386981
       0.1655553929492170
       0.2520392218326007
       0.2822842970079995
       0.3835986784860815
       0.3899338897273145
       0.2420489424233545
       0.4011066124415833
       0.2355060768177901
       0.1013794478277830
       0.2898074463957043
       0.3332501297462641
       0.3383826441245019
       0.4712556216626466
       0.3850742667365533
       0.3687021577293144
       0.4331311369477175
       0.4954741601565724
       0.2519637993055461
       0.3145427754907602
       0.3963051603318915
       0.2243246025459438
       0.2621785537843436
       0.0857366107009730
       0.0653328758135637
       0.1093905620085870
       0.0527402513346112
       0.0707129261255990
       0.2284841505681023
       0.3940665227285742
       0.1405319880461063
       0.1123933653318757
       0.4544373664024063
       0.0036644225772681
       0.2943696672550037
       0.2710589351503370
       0.3267619905013773
       0.1567174882137733
       0.1155794124541196
       0.2080319155648624
       0.1493993939238313
       0.3362181953863523
       0.4691287399541077
       0.1715738468639161
       0.2814812860204301
       0.0594442788420227
       0.0845106304070126
       0.1394477087441793
       0.2784073288261668
       0.2427945804498047
       0.4761116132546291
       0.1159604214744054
       0.2393291966347635
       0.2632612003403165
       0.3963603968277623
       0.0965038259893096
       0.4548002228678358
       0.4610981963586914
       0.0066331827609766
       0.3837748167658983
       0.4736713192094655
       0.2608111695982436
       0.4476008452175279
       0.4711936271902418
       0.1675416893573523
       0.2186819118404539
       0.2355779546032908
       0.0746551677562118
       0.0679321970911172
       0.2662491150715560
       0.3628946547149927
       0.1993515256572027
       0.1792092580085432
       0.1426397060847534
       0.4343176220174859
       0.3132063373188048
       0.1205861542588754
       0.4890408264904981
       0.3202503900219265
       0.1149243237113707
       0.3406675774816659
       0.3329117042505953
       0.0673589869088908
       0.0112466467070106
       0.1310997246808056
       0.0582575798073151
       0.0346591189493779
       0.4264652488153256
       0.0901653362856150
       0.0162092822067519
       0.3669631284758328
       0.2682584113691718
       0.1380148317097856
       0.1842290766009465
       0.0064431527901320
       0.4446030422283884
       0.4330103009864795
       0.1271234673118365
       0.2847402983500315
       0.0796324090330987
       0.2971822081033630
       0.1655500405697877
       0.3293063269939731
       0.4318171090618698
       0.2838116569331764
       0.4902406372729211
       0.3959158011679469
       0.0762968110208017
       0.4165136164656729
       0.0959316322267179
       0.3194932839388768
       0.3345000396550714
       0.3860438999715553
       0.1899088748158428
       0.2207927426745388
       0.2415299967964263
       0.3040528282233291
       0.0879978206682701
       0.0010127804921252
       0.3951120010888793
       0.2568042508305699
       0.1066146882540996
       0.0517248979821715
       0.0786683329489567
       0.2037574900446253
       0.2038785109783317
       0.0263463438439860
       0.4709075749285544
       0.0749858420755861
       0.1921870230814957
       0.1555292795486854
       0.0842672215402697
       0.4483240730772029
       0.1613622157526851
       0.3669981584080608
       0.2054520912121473
       0.1998969228266068
       0.2527611036525665
       0.0846529295471398
       0.2623727451210882
       0.3206013316668076
       0.0080987419872025
       0.4184257779082395
       0.4017310938803250
       0.3488924151039379
       0.2309438907938484
       0.0413063089482441
       0.4103585043607778
       0.0965100089297801
       0.2226773640889844
       0.0064789147732531
       0.1543708983113661
       0.4376754915350161
       0.4176296993457872
       0.1665475337104196
       0.4403526659199529
       0.2398434028442094
       0.2804083638877129
       0.3079543277513660
       0.3309495074634321
       0.3083166174897125
       0.3425700001129325
       0.2550765135214894
       0.3569804222674627
       0.2576039497365310
       0.3029328970802015
       0.4833513148268989
       0.4110587008816961
       0.1588753397199618
       0.2938483859980199
       0.0651008357446128
       0.1271771285100111
       0.4015154491297557
       0.3339229468692566
       0.0068131763897557
       0.2807896848581556
       0.2272804690235440
       0.4524746100194685
       0.1410794255594287
       0.0325171769414296
       0.2382959426696149
       0.4918559590976310
       0.4611747905917367
       0.2805981274066783
       0.3261623468458634
       0.3863397985998082
       0.0530878967528832
       0.0005366827835556
       0.2708818947722542
       0.0034288958704967
       0.2256688360521694
       0.0978310258470626
       0.3935715644434636
       0.3092813120969796
       0.0077604786176557
       0.4454269824618803
       0.3808515956608435
       0.4535175204503725
       0.3792842995114403
       0.1903649688386981
       0.1655553929492170
       0.2520392218326007
       0.2822842970079995
       0.3835986784860815
       0.3899338897273145
       0.2420489424233545
       0.4011066124415833
       0.2355060768177901
       0.1013794478277830
       0.2898074463957043
       0.3332501297462641
       0.3383826441245019
       0.4712556216626466
       0.3850742667365533
       0.3687021577293144
       0.4331311369477175
       0.4954741601565724
       0.2519637993055461
       0.3145427754907602
       0.3963051603318915
       0.2243246025459438
       0.2621785537843436
       0.0857366107009730
       0.0653328758135637
       0.1093905620085870
       0.0527402513346112
       0.0707129261255990
       0.2284841505681023
       0.3940665227285742
       0.1405319880461063
       0.1123933653318757
       0.4544373664024063
       0.0036644225772681
       0.2943696672550037
       0.2710589351503370
       0.3267619905013773
       0.1567174882137733
       0.1155794124541196
       0.2080319155648624
       0.1493993939238313
       0.3362181953863523
       0.4691287399541077
       0.1715738468639161
       0.2814812860204301
       0.0594442788420227
       0.0845106304070126
       0.1394477087441793
       0.2784073288261668
       0.2427945804498047
       0.4761116132546291
       0.1159604214744054
       0.2393291966347635
       0.2632612003403165
       0.3963603968277623
       0.0965038259893096
       0.4548002228678358
       0.4610981963586914
       0.0066331827609766
       0.3837748167658983
       0.4736713192094655
       0.8133055247044292
       0.9238297938460557
       0.1989972585626932
       0.6742716421065079
       0.9271030860490594
       0.3438165927058360
       0.5944929378882430
       0.6154870033002305
       0.0033740748920942
       0.9820125682965836
       0.8995130918436779
       0.6927573476324118
       0.4396536765692973
       0.7010229131139455
       0.6097149889134319
       0.2998856614646543
       0.8560371937207831
       0.1120721701956580
       0.2915604107548823
       0.0974467275166297
       0.3974479696688774
       0.3333126524057712
       0.9442347138986162
       0.8385554530191365
       0.2584274029688599
       0.0428981251961773
       0.0058847897639892
       0.5744179674069091
       0.7439019522853657
       0.8068307838242995
       0.6375706442669020
       0.2512713135341959
       0.1443204514645001
       0.6515511325066806
       0.9460869309366778
       0.8158867960217324
       0.9302470654005116
       0.3099413594484881
       0.2688171110588095
       0.5364510350274122
       0.1632782958721227
       0.2109880221333866
       0.2168120903011007
       0.6517898294422100
       0.0527761860680418
       0.2292902802967321
       0.6674321285458675
       0.3109336769432571
       0.3066328621466722
       0.7206798841146385
       0.9544065100231914
       0.1311383929968163
       0.0682768090748907
       0.1252272686571921
       0.1661534151074725
       0.9114174646943050
       0.1362602675560514
       0.6169954209084122
       0.2689816462971869
       0.2206640326245773
       0.7129010220702884
       0.5489964422762417
       0.9413484240035894
       0.3298647779565768
       0.7044863018724233
       0.9434254605583098
       0.5815943374438890
       0.8801541848463920
       0.7496116445720810
       0.3796173422706915
       0.7255612792978240
       0.1627982033296162
       0.9562046125568907
       0.1962288305193890
       0.7761925058357148
       0.6132957157099709
       0.1622802310533732
       0.0310540534366017
       0.2886288152556839
       0.9710642791387294
       0.9504993419104980
       0.2280478077527736
       0.9585260847433290
       0.6798582594062737
       0.0549692084090683
       0.5998413175135915
       0.3931459933302171
       0.2153661853147892
       0.1823996246525456
       0.0767540242113031
       0.0074236960238848
       0.7887829962774213
       0.0177876301232156
       0.8779414654443473
       0.3525417683931715
       0.7221397678716491
       0.9684508393907900
       0.1556679835738436
       0.1629555419651822
       0.3133973683361231
       0.0293815482462405
       0.3576251169491623
       0.0271903982819941
       0.7936670186509790
       0.9992307544585561
       0.1102385245473446
       0.6226011586956098
       0.1325718452316927
       0.3100297889504789
       0.1347876878289205
       0.2233263126532132
       0.3965467883054219
       0.1351434948719943
       0.2410586894135959
       0.9275161498157158
       0.3911008739901551
       0.5112627734673088
       0.0928961161616331
       0.0216989142979406
       0.1595348266741042
       0.8445159438322158
       0.8791534824259848
       0.1869895258620024
       0.9913049190345569
       0.7120298411666820
       0.8713646165940824
       0.4796311847628765
       0.4960049265569252
       0.2875318642081061
       0.0609414509467350
       0.2624677042087639
       0.1862610170472454
       0.9170897868233251
       0.1232786943183773
       0.0134453831005074
       0.3696907185309126
       0.6986411083229164
       0.8893472132325045
       0.5937705191357571
       0.1566908967313658
       0.3166894186886291
       0.2333954858277770
       0.0084220637460798
       0.3969037918690968
       0.6498681305925020
       0.0850006062146261
       0.7688095032587590
       0.9697017049716997
       0.7147972318762050
       0.7819618419604971
       0.2375650820402180
       0.1957307637832756
       0.2632139151756145
       0.7137850645961389
       0.9775997394356472
       0.6371219408459014
       0.5459241550990219
       0.8480572244169324
       0.8020976584801096
       0.6683064100667179
       0.6709826339698478
       0.8206436822857393
       0.9704723746091062
       0.4869249955419010
       0.8174685355469533
       0.6415711678460004
       0.3063493595138997
       0.6609321322394650
       0.3580171133878086
       0.9381994301012135
       0.4876669747648663
       0.0909903577439665
       0.6738341168620735
       0.5148803189878285
       0.2215793463856086
       0.7250093709522213
       0.0682466109700933
       0.9641242683725377
       0.2076565883686613
       0.1611182255513767
       0.6382213825927481
       0.0002281728916180
       0.3356329433521703
       0.2750998214662110
       0.0445275203920302
       0.0938964975973391
       0.4099973997720275
       0.8168923194939542
       0.8705170718093195
       0.0225551204560289
       0.7271769836979318
       0.8480094480639563
       0.7286001910180237
       0.9550986332751349
       0.6563511105968578
       0.7423051335090573
       0.3449660139029208
       0.8840219496751515
       0.3472440864992131
       0.0594766805425226
       0.1436829182158840
       0.1916428585814814
       0.0313669730148711
       0.0832706212292778
       0.0188069737945573
       0.0899892907897612
       0.1738304851151752
       0.0783234445322012
       0.0505567302122047
       0.0708763853137498
       0.1485955936399661
       0.1301664044915008
       0.1879586081050228
       0.1665598249196907
       0.0939955733709876
       0.1259731214526321
       0.0116375695626190
       0.1084374794594812
       0.0911451924543408
       0.1726173784434526
       0.1710393939447289
       0.0944511365128121
       0.1573848779339596
       0.1311964276511983
       0.0000079779197848
       0.0262474323503482
       0.0989749512005167
       0.0076666314331879
       0.0454871619007042
       0.0655765914564396
       0.1798937575384384
       0.0627460975127453
       0.0503352023770970
       0.0865978263352216
       0.1684764473073806
       0.0368977983225242
       0.1016358424738914
       0.0904479333429771
       0.0651168878833037
       0.0760152613934912
       0.1772959927288540
       0.1522521520636787
       0.1767532669873113
       0.0914812511999300
       0.1598404582696315
       0.0268154239619314
       0.0130627376680266
       0.0750289316011116
       0.0747045939850737
       0.0968044794210071
       0.1938918464106323
       0.0684122188522685
       0.0505378512289444
       0.1169773833515842
       0.1047407188822612
       0.0326838092851289
       0.0972796297178145
       0.0992121498955250
       0.1686388166471876
       0.1612396430823598
       0.1715571192607996
       0.1219508275655715
       0.1131460735505686
       0.1223797043305892
       0.0205953044546714
       0.0316631834536621
       0.0827299719355126
       0.1120820897075940
       0.0537354582879925
       0.1568508328531334
       0.0775741569461671
       0.0061967241767201
       0.1171003658832818
       0.1117117056449350
       0.0401391144949913
       0.0174843770272514
       0.1866459718607011
       0.0518759947126160
       0.0408342789172328
       0.0098416883776084
       0.1212321879545058
       0.1092697480321623
       0.0191674872292831
       0.1273991293761476
       0.0885896656085162
       0.0132763917729429
       0.0748585168119965
       0.0498205448579590
       0.1849750583295307
       0.1258998585156486
       0.1756617553001789
       0.1283348862051874
       0.1596781271992533
       0.0870052077097787
       0.1962280502631985
       0.0191915596660093
       0.1054964797927365
       0.1091291649432970
       0.0568685513619484
       0.0741605318609765
       0.0129385204264026
       0.1089618128864761
       0.1672751206507137
       0.0290643983368390
       0.0343040513617788
       0.0136094364515973
       0.1648023068039610
       0.0267941515715944
       0.1769572576961862
       0.1029474798933741
       0.1927271192399364
       0.0240989335077403
       0.0096579764361310
       0.0760304007754248
       0.0825582436116867
       0.0802782593305613
       0.0841994260936271
       0.0753907382796248
       0.1814673052924404
       0.1340324289384348
       0.1923677049195657
       0.0325958672187664
       0.1497298817912330
       0.0748131448078114
       0.0908473022518401
       0.0077121391741289
       0.1124864012901466
       0.0744624293274026
       0.1585567414693358
       0.1590461945698002
       0.0765828944552674
       0.0505579608666292
       0.0685855711936300
       0.1935608986691302
       0.0959616781121597
       0.0736655125829192
       0.1529134310477936
       0.0754297940506818
       0.1800612431308400
       0.0366864105894925
       0.0736634632558848
       0.1834914078516902
       0.1031832112288496
       0.0180614524346975
       0.1470622975370257
       0.0009424324654365
       0.1206246233892153
       0.1913733328083582
       0.0794863858513570
       0.1463101570666572
       0.1369277653012367
       0.1957006044896641
       0.0407570333137193
       0.1186605678023959
       0.1903125033581437
       0.0520544814903157
       0.1029355241818409
       0.1272663797305267
       0.0801918212350537
       0.0973222621476210
       0.1500916226362101
       0.0252393467266201
       0.0086124963219039
       0.0741878687219866
       0.1386604241544914
       0.1871649885694106
       0.0955151218336306
       0.0258200195273166
       0.0967662424148474
       0.1891194323429786
       0.0735488266947364
       0.0656971137849666
       0.1545750960673251
       0.0594548044102695
       0.0355708719818099
       0.1381598322958332
       0.0527889710602795
       0.0915478114206699
       0.1687384849124216
       0.1762997321030601
       0.1400039912801337
       0.1511381989863804
       0.1949029602769841
       0.0804305366928618
       0.0262557276407841
       0.1449467774003339
       0.1799036414715420
       0.0341402629167315
       0.0086057382411405
       0.0958318449852975
       0.0187872569510340
       0.1300099663301922
       0.1904555077842031
       0.0915425398784872
       0.1073761294012057
       0.0132974291603192
       0.0987740167165096
       0.0835081944759450
       0.0584514100536683
       0.1436829182158840
       0.1916428585814814
       0.0313669730148711
       0.0832706212292778
       0.0188069737945573
       0.0899892907897612
       0.1738304851151752
       0.0783234445322012
       0.0505567302122047
       0.0708763853137498
       0.1485955936399661
       0.1301664044915008
       0.1879586081050228
       0.1665598249196907
       0.0939955733709876
       0.1259731214526321
       0.0116375695626190
       0.1084374794594812
       0.0911451924543408
       0.1726173784434526
       0.1710393939447289
       0.0944511365128121
       0.1573848779339596
       0.1311964276511983
       0.0000079779197848
       0.0262474323503482
       0.0989749512005167
       0.0076666314331879
       0.0454871619007042
       0.0655765914564396
       0.1798937575384384
       0.0627460975127453
       0.0503352023770970
       0.0865978263352216
       0.1684764473073806
       0.0368977983225242
       0.1016358424738914
       0.0904479333429771
       0.0651168878833037
       0.0760152613934912
       0.1772959927288540
       0.1522521520636787
       0.1767532669873113
       0.0914812511999300
       0.1598404582696315
       0.0268154239619314
       0.0130627376680266
       0.0750289316011116
       0.0747045939850737
       0.0968044794210071
       0.1938918464106323
       0.0684122188522685
       0.0505378512289444
       0.1169773833515842
       0.1047407188822612
       0.0326838092851289
       0.0972796297178145
       0.0992121498955250
       0.1686388166471876
       0.1612396430823598
       0.1715571192607996
       0.1219508275655715
       0.1131460735505686
       0.1223797043305892
       0.0205953044546714
       0.0316631834536621
       0.0827299719355126
       0.1120820897075940
       0.0537354582879925
       0.1568508328531334
       0.0775741569461671
       0.0061967241767201
       0.1171003658832818
       0.1117117056449350
       0.0401391144949913
       0.0174843770272514
       0.1866459718607011
       0.0518759947126160
       0.0408342789172328
       0.0098416883776084
       0.1212321879545058
       0.1092697480321623
       0.0191674872292831
       0.1273991293761476
       0.0885896656085162
       0.0132763917729429
       0.0748585168119965
       0.0498205448579590
       0.1849750583295307
       0.1258998585156486
       0.1756617553001789
       0.1283348862051874
       0.1596781271992533
       0.0870052077097787
       0.1962280502631985
       0.0191915596660093
       0.1054964797927365
       0.1091291649432970
       0.0568685513619484
       0.0741605318609765
       0.0129385204264026
       0.1089618128864761
       0.1672751206507137
       0.0290643983368390
       0.0343040513617788
       0.0136094364515973
       0.1648023068039610
       0.0267941515715944
       0.1769572576961862
       0.1029474798933741
       0.1927271192399364
       0.0240989335077403
       0.0096579764361310
       0.0760304007754248
       0.0825582436116867
       0.0802782593305613
       0.0841994260936271
       0.0753907382796248
       0.1814673052924404
       0.1340324289384348
       0.1923677049195657
       0.0325958672187664
       0.1497298817912330
       0.0748131448078114
       0.0908473022518401
       0.0077121391741289
       0.1124864012901466
       0.0744624293274026
       0.1585567414693358
       0.1590461945698002
       0.0765828944552674
       0.0505579608666292
       0.0685855711936300
       0.1935608986691302
       0.0959616781121597
       0.0736655125829192
       0.1529134310477936
       0.0754297940506818
       0.1800612431308400
       0.0366864105894925
       0.0736634632558848
       0.1834914078516902
       0.1031832112288496
       0.0180614524346975
       0.1470622975370257
       0.0009424324654365
       0.1206246233892153
       0.1913733328083582
       0.0794863858513570
       0.1463101570666572
       0.1369277653012367
       0.1957006044896641
       0.0407570333137193
       0.1186605678023959
       0.1903125033581437
       0.0520544814903157
       0.1029355241818409
       0.1272663797305267
       0.0801918212350537
       0.0973222621476210
       0.1500916226362101
       0.0252393467266201
       0.0086124963219039
       0.0741878687219866
       0.1386604241544914
       0.1871649885694106
       0.0955151218336306
       0.0258200195273166
       0.0967662424148474
       0.1891194323429786
       0.0735488266947364
       0.0656971137849666
       0.1545750960673251
       0.0594548044102695
       0.0355708719818099
       0.1381598322958332
       0.0527889710602795
       0.0915478114206699
       0.1687384849124216
       0.1762997321030601
       0.1400039912801337
       0.1511381989863804
       0.1949029602769841
       0.0804305366928618
       0.0262557276407841
       0.1449467774003339
       0.1799036414715420
       0.0341402629167315
       0.0086057382411405
       0.0958318449852975
       0.0187872569510340
       0.1300099663301922
       0.1904555077842031
       0.0915425398784872
       0.1073761294012057
       0.0132974291603192
       0.0987740167165096
       0.0835081944759450
       0.0584514100536683
